{ax: 0.3336673346693387, ay: 0.22745490981963928, az: 512.6142284569138, cmd: 102.0,
  elapsed: 0.010044088176352542, gx: 0.13326653306613226, gy: 0.12324649298597194,
  gz: 0.017034068136272545, timestamp: 1497623767.8867118}
